10
100000 10
3 73513 42485
3 35768 46805
1 52451 60796
3 97860 39544
3 50296 19475
3 23524 61183
3 34067 65423
2 52451 60796
3 28686 88178
1 10227 65394
100000 10
1 80830 5758
2 80830 5758
3 38585 77234
1 20113 90851
1 69042 60909
1 1331 15265
1 75174 6412
1 80516 71408
3 14494 72412
1 63635 57577
100000 10
1 99002 12312
1 7302 51401
1 47692 11988
1 5742 86916
2 47692 11988
1 26930 16463
3 16210 1720
3 99232 83966
3 35264 77297
1 89441 53941
100000 10
3 61668 60402
1 72060 96470
1 64726 5940
1 81865 18506
2 81865 18506
1 85849 36095
1 49879 53652
1 46563 41380
3 71092 84495
1 67043 40239
100000 10
1 55077 69534
3 83757 67907
2 55077 69534
1 24164 57324
1 27208 42177
2 27208 42177
1 51743 82935
1 13815 19040
1 18515 90874
1 20295 41399
100000 10
1 4349 92496
1 58891 80242
1 42520 63658
1 64618 67779
1 71172 60858
1 61967 31244
1 42078 7218
2 58891 80242
3 15908 32601
2 64618 67779
100000 10
1 7012 80630
1 44809 83017
3 74274 43937
2 44809 83017
1 89376 20633
1 1550 1254
1 90918 11556
3 16226 61812
3 3256 51795
2 89376 20633
100000 10
1 17882 35579
3 85899 9349
3 32758 96881
2 17882 35579
1 51264 38611
1 87083 18489
1 24844 972
2 24844 972
2 51264 38611
3 24256 93466
100000 10
3 44342 78626
1 94152 51717
1 32128 21951
2 32128 21951
3 91631 4173
3 37524 3805
1 32372 36353
2 94152 51717
1 54329 43392
1 87631 6470
100000 10
1 41087 18007
1 42840 92218
1 659 23127
1 39978 35796
1 69140 80611
1 44632 69221
2 44632 69221
3 41465 83223
2 42840 92218
2 41087 18007
